"TopKGraphs" "Jaccard" "Dice" "Laplacian" "PageRank" "Node2Vec"
"1" -0.00769249260799543 0.00519785830983337 -0.00250700743397341 0.0325899182825754 0.0275952000843772 0.025101582110611
"2" 0.00203989265064927 -0.00179477520994439 -0.0135339445961763 0.0269351962950087 0.00245211684559689 0.0838061136850255
"3" 0.0406820903750737 0.0334898059272753 0.00160593250360157 -0.0035627126494113 0.0520660228395026 0.059975931435134
"4" 0.0470001182158123 0.0106772780355786 0.0260068987765839 -0.00693653136071829 0.0202228009892539 0.0061109738385232
"5" 0.0892489903119503 -0.00477843553547453 -0.00233920697588863 0.00453703651582618 0.0183060373515977 0.0795148164060798
"6" 0.0270621512116811 -0.0151919027412859 -0.0073741865782267 0.00798158283170034 0.004179189660648 0.00740474519803984
"7" 0.0598800940296059 0.0101038054134258 -0.00515630428290193 0.0143174614740063 0.148014419676995 0.0133810210146088
"8" 0.00753993691332248 -0.00450736991330582 0.0126325152046924 0.0334345718232759 0.00108055352225586 0.0630143458191545
"9" 0.0826753197732821 0.0468988769495719 0.0295756040838442 0.017320578195457 0.104481564023919 0.0884020571162369
"10" 0.0578857153389159 -0.00211680708950979 -3.26795605688955e-05 -0.00141469157197498 0.0164812212812821 0.063123750979475
"11" 0.0752924640894689 0.0787862722010221 0.0742893302778785 0.000676996806534762 0.0193351069401093 -0.00814999878720259
"12" 0.00778068049479085 -0.00806257658875134 -0.0055901650993676 0.00734843293540601 0.00648743424897725 -0.000787707201242079
"13" 0.00573604188062018 0.000484953674162151 0.000484953674162151 0.00901465572863854 0.0187586978210171 0.0242186221567665
"14" 0.0313055357041216 0.0119506301835042 0.0436737951043284 0.000827731623268928 0.00108055352225586 -0.0073291112077077
"15" 0.0504962429153951 0.0236614537587758 0.0270030789629696 0.0297822190576739 0.00642008774119913 0.00234473938284453
"16" 0.0370738820679812 -0.00900051861724374 -0.00423207940653037 -0.00252446988949806 0.0190045549020475 -0.0147240158173834
"17" 0.0275656748889598 0.0118587663787305 0.0440287329970961 0.00315308955715569 0.0101371393683871 0.0237427126173603
"18" -0.00254401397309166 0.00511784511784508 0.00511784511784508 0.0179971445031686 -0.00166145092460884 0.0231245256942602
"19" 0.0145145174390408 0.0108531767490092 -0.00131097888306863 -0.00873217089313355 0.0199797836419554 -0.00265488271356956
"20" -0.00932473015967406 -0.00384326175954552 0.00667881593853127 0.0147328800612563 0.00086492848735599 0.0451748018141872
"21" 0.00817901508560737 -0.0145938509463579 -0.0118596459940256 0.00469749373574077 -0.00423342050297066 0.00257087458344807
"22" 0.0692683095467195 0.0234283903296599 -0.00272339216255095 0.00893755091082012 0.0518956723813355 0.0314416267135061
"23" 0.0604821460026674 -0.00692045798602313 0.0607806233200844 -0.0037175385605262 -0.00340816547490714 0.0101333422712317
"24" 0.091831312208549 -0.00953135459464109 0.0338251525151966 0.00101543561690207 0.0133709340205183 0.0191470298921726
"25" -0.00164968106166144 -0.00273724857638637 0.000604693631971327 0.0310517845309098 0.0415352136062813 0.0319557517366608
"26" 0.0252308666942813 0.0674194638754734 0.0155587703842972 -0.00808332911741069 0.0110588991979418 0.0436722727974078
"27" 0.00514639847646226 0.0237259876332188 0.0285165556473963 -0.00992282855618443 0.0435712530134343 0.00847756103287837
"28" 0.0613445169615604 0.0194490668283298 0.0163388314995735 0.0196034350973428 0.0665001007947513 0.0887147045209073
"29" 0.00920200235571255 -0.0028376341225503 -0.00264887787214911 -0.00576065013051468 0.0301894796380091 0.0148851811255903
"30" -0.00599995112056117 -0.000609855949765905 -0.0106343622831274 0.0193257656713107 0.111242907811779 -0.00274775313935995
"31" 0.0897056979597685 -0.00716768151753976 -0.0173044220335499 0.0144764062417502 0.00607710824355782 0.00929057670077494
"32" 0.00183108262760359 0.0038337576266984 -0.00273556037636219 0.00427693418153811 -0.00531213705705646 -0.00835276426575429
"33" 0.055965023428532 -0.00683907714416086 -0.00186486500565195 -0.00600650154287882 0.112462915409738 0.059834991132701
"34" -0.0044538847436293 0.000935453695042106 0.000935453695042106 -0.0139800236426871 0.0020308537730983 0.0260068987765839
"35" 0.0212507168650781 -0.00984596404443737 0.00842018791394977 0.00164734899680082 -0.000926800577467999 0.024878904245541
"36" 0.0518264711939935 -0.0117176704681541 -0.00257198523040243 -0.0124532450814102 -0.00170072182935114 0.0102577284884539
"37" 0.00940180605140296 0.0244199155430151 0.00190630769984908 0.0162277528248394 0.0011280564380736 0.017291208655485
"38" -0.0141595307126964 0.0062332067213218 -0.00501232730148394 0.0385481452766835 0.0161611758111727 -0.00513574829847176
"39" -0.00922090324375944 -0.0194014624402104 -0.00840588072247587 -0.000148691231220633 -0.00330073809664602 0.0158417269645904
"40" 0.009882015833267 -7.63111204380215e-05 -0.00149783258547481 -0.00319604229551759 0.0208370465187873 0.007046388725778
"41" -0.00419084461637654 -0.0177178759106268 0.00616519758344065 0.0109234075643373 0.0357858058314643 0.0540976174885408
"42" 0.029923856061864 -0.00950907603079692 -0.0108728306334204 0.000665250633176011 0.0436220939517692 0.0169029131770227
"43" -0.0116037672671485 0.00977622901589534 0.0323560696292428 -0.00655866879881339 0.0110588991979418 -0.00028200623938803
"44" 0.0331692559180711 0.0871766275915217 0.0496122868514943 -0.0078059059779191 0.0620728462710947 0.0149445403448833
"45" 0.0436491863429511 -0.00693872959676031 -0.00313052695149533 -0.00023261123339947 0.0518902117245898 0.0407487427597117
"46" 0.0425937810959921 0.0665804426845489 0.0710375267574684 -0.00926265366473596 0.00650032554134375 0.0738336948662328
"47" 0.000175805629296299 -0.00410469299345232 0.00496136083039915 -0.000756599087103427 -0.0109430741283842 -0.0110403501438442
"48" 0.040634856295996 0.0172239670613826 0.0559127373463381 0.0103394459617636 0.0698846730764502 0.169065587800513
"49" 0.0729548355222529 -0.0132609190382758 -0.0092293885075315 -0.00204407958722779 -0.00403841211733426 -0.00761725883028119
"50" 0.0350075363446297 0.00972078198856157 0.00856533607296668 0.00463986343043484 0.0388167162310221 -0.000582211121396808
