[[1]]
                   3         5        10        20        30        50
TopKGraphs 0.8156603 0.8078389 0.8116062 0.7955199 0.7833215 0.8444690
Node2Vec   0.8323443 0.8488349 0.8325732 0.8317320 0.7977129 0.7888904

[[2]]
                   3         5        10        20        30        50
TopKGraphs 0.8192625 0.7947042 0.8042526 0.8248521 0.8193723 0.7676962
Node2Vec   0.8274634 0.8335046 0.8464854 0.8208587 0.8476924 0.8218321

[[3]]
                   3         5        10        20        30        50
TopKGraphs 0.7997459 0.8187959 0.7896386 0.7865471 0.7842982 0.7667567
Node2Vec   0.8178328 0.8347282 0.8408785 0.8327420 0.8099015 0.7857627

[[4]]
                   3         5        10        20        30        50
TopKGraphs 0.8084215 0.8146410 0.8013182 0.8116323 0.7974959 0.7989883
Node2Vec   0.8514524 0.8104664 0.8444939 0.8424779 0.7942183 0.8646204

[[5]]
                   3         5        10        20        30        50
TopKGraphs 0.8116378 0.7933495 0.8218795 0.8190140 0.7793838 0.8297027
Node2Vec   0.8574513 0.8271383 0.8350320 0.7883781 0.8180517 0.8526177

[[6]]
                   3         5        10        20        30        50
TopKGraphs 0.8125862 0.8010278 0.8286743 0.8254134 0.7873925 0.8145581
Node2Vec   0.8121511 0.8097138 0.8494667 0.8200202 0.7858839 0.8423034

[[7]]
                   3         5        10        20        30        50
TopKGraphs 0.8115095 0.7952433 0.8188020 0.8138511 0.8567413 0.8450593
Node2Vec   0.8128080 0.8437470 0.8200282 0.8320818 0.8886723 0.8402351

[[8]]
                   3         5        10        20        30        50
TopKGraphs 0.8096289 0.8008623 0.7973172 0.8042504 0.7975116 0.7663814
Node2Vec   0.8289234 0.8267891 0.8696198 0.8138252 0.8444322 0.8030407

[[9]]
                   3         5        10        20        30        50
TopKGraphs 0.7994424 0.8059021 0.8297796 0.8039072 0.7972248 0.7957065
Node2Vec   0.8146746 0.8421036 0.8518203 0.8468921 0.8374364 0.7778462

[[10]]
                   3         5        10        20        30        50
TopKGraphs 0.7966188 0.7974261 0.7920101 0.8239177 0.7957913 0.8043995
Node2Vec   0.8117506 0.8044968 0.8443854 0.8173726 0.8431183 0.7730717

[[11]]
                   3         5        10        20        30        50
TopKGraphs 0.8422187 0.8209388 0.8124373 0.8208112 0.8469152 0.8102617
Node2Vec   0.8166032 0.8297886 0.8438957 0.8141742 0.8347714 0.8343339

[[12]]
                   3         5        10        20        30        50
TopKGraphs 0.8087731 0.8151013 0.7918970 0.7824381 0.8075180 0.7725168
Node2Vec   0.8185061 0.8362575 0.8322373 0.8174610 0.8125464 0.8453640

[[13]]
                   3         5        10        20        30        50
TopKGraphs 0.8062003 0.8046108 0.8191946 0.8044954 0.8210654 0.8373699
Node2Vec   0.8065240 0.8394295 0.8048875 0.8241804 0.7938358 0.7849358

[[14]]
                   3         5        10        20        30        50
TopKGraphs 0.8054379 0.7992171 0.8189749 0.8186110 0.8102099 0.7783225
Node2Vec   0.8356064 0.8208814 0.8408575 0.8442602 0.8476526 0.8277946

[[15]]
                   3         5        10        20       30        50
TopKGraphs 0.8119248 0.7961144 0.8106476 0.8022166 0.791631 0.7728146
Node2Vec   0.8381334 0.8318929 0.8486237 0.8315740 0.816240 0.7807602

[[16]]
                   3         5        10        20        30        50
TopKGraphs 0.8072990 0.8303429 0.8099129 0.7962160 0.8175064 0.8136932
Node2Vec   0.8209449 0.8305402 0.8188639 0.8172696 0.8189170 0.8395349

[[17]]
                   3         5        10        20        30        50
TopKGraphs 0.8061288 0.8214770 0.8192965 0.8035360 0.7885921 0.8600988
Node2Vec   0.8115053 0.8159473 0.8423190 0.8362778 0.8025858 0.8019520

[[18]]
                   3         5        10        20        30        50
TopKGraphs 0.8015347 0.8029753 0.8155436 0.7833349 0.7843899 0.7812377
Node2Vec   0.8450075 0.8332960 0.8302643 0.8206052 0.8251202 0.7896688

[[19]]
                   3         5        10        20        30        50
TopKGraphs 0.8044410 0.8056217 0.8092438 0.7786507 0.7962033 0.8136052
Node2Vec   0.8357365 0.8122244 0.8179714 0.8293062 0.8258272 0.7822422

[[20]]
                   3         5        10        20        30        50
TopKGraphs 0.8261625 0.8013872 0.8105366 0.8590792 0.8157025 0.8225778
Node2Vec   0.8239292 0.8154299 0.8414548 0.8357770 0.8457330 0.8139009

[[21]]
                   3         5        10        20        30        50
TopKGraphs 0.7993204 0.7716225 0.8175657 0.8057229 0.8120679 0.8045646
Node2Vec   0.8446434 0.8440011 0.8418237 0.8339429 0.7985475 0.7879589

[1] "ARI"
      TopKGraphs  Node2Vec
 [1,]  0.2921534 0.3014511
 [2,]  0.3614954 0.3220273
 [3,]  0.3715926 0.3024786
 [4,]  0.3410582 0.2815662
 [5,]  0.3654778 0.2969355
 [6,]  0.2915576 0.3462736
 [7,]  0.3590268 0.2566852
 [8,]  0.3612786 0.2468455
 [9,]  0.3260367 0.3109693
[10,]  0.3632444 0.2740373
[11,]  0.3117447 0.3458094
[12,]  0.3287048 0.3251011
[13,]  0.3583612 0.3386448
[14,]  0.2985854 0.2828427
[15,]  0.3330541 0.2827243
[16,]  0.3005907 0.3168141
[17,]  0.3135229 0.3438334
[18,]  0.3334856 0.2675736
[19,]  0.3651151 0.3268097
[20,]  0.3757502 0.2124277
[21,]  0.3611923 0.3128987
[22,]        NaN       NaN
[23,]        NaN       NaN
[24,]        NaN       NaN
[25,]        NaN       NaN
[26,]        NaN       NaN
[27,]        NaN       NaN
[28,]        NaN       NaN
[29,]        NaN       NaN
[30,]        NaN       NaN
[1] "NMI"
      TopKGraphs  Node2Vec
 [1,]  0.3164572 0.3217575
 [2,]  0.3602141 0.3082637
 [3,]  0.3652944 0.3296635
 [4,]  0.3502778 0.2918741
 [5,]  0.3583635 0.3016008
 [6,]  0.3381037 0.3647991
 [7,]  0.3566791 0.2855589
 [8,]  0.3547550 0.3116250
 [9,]  0.3489852 0.3310193
[10,]  0.3642879 0.3290334
[11,]  0.3234619 0.3456278
[12,]  0.3339273 0.3345461
[13,]  0.3597643 0.3488770
[14,]  0.3478837 0.3154473
[15,]  0.3432653 0.2938194
[16,]  0.3253518 0.3331340
[17,]  0.3355826 0.3465316
[18,]  0.3446082 0.3149201
[19,]  0.3643796 0.3026314
[20,]  0.3749463 0.2864496
[21,]  0.3629551 0.3216279
[22,]        NaN       NaN
[23,]        NaN       NaN
[24,]        NaN       NaN
[25,]        NaN       NaN
[26,]        NaN       NaN
[27,]        NaN       NaN
[28,]        NaN       NaN
[29,]        NaN       NaN
[30,]        NaN       NaN
